           Type     Irradiance           W/m2
---------------------------------------------------------------------------------------------------------------------------------------------------------------------------------------------------------------------------------------------------------------------------------------------------------------------------------------------------------
     Components        Average
---------------------------------------------------------------------------------------------------------------------------------------------------------------------------------------------------------------------------------------------------------------------------------------------------------------------------------------------------------
          Value      0.8349155           W/m2

---------------------------------------------------------------------------------------------------------------------------------------------------------------------------------------------------------------------------------------------------------------------------------------------------------------------------------------------------------
     Statistics
---------------------------------------------------------------------------------------------------------------------------------------------------------------------------------------------------------------------------------------------------------------------------------------------------------------------------------------------------------
            Min      0.2342160           W/m2
            Max       1.992036           W/m2
 Total_Rad_Flux       5.009493              W
 Total_Lum_Flux       914.0195             lm

---------------------------------------------------------------------------------------------------------------------------------------------------------------------------------------------------------------------------------------------------------------------------------------------------------------------------------------------------------
     Resolution         Pixels          Units
---------------------------------------------------------------------------------------------------------------------------------------------------------------------------------------------------------------------------------------------------------------------------------------------------------------------------------------------------------
     Horizontal             21              m
       Vertical             31              m


---------------------------------------------------------------------------------------------------------------------------------------------------------------------------------------------------------------------------------------------------------------------------------------------------------------------------------------------------------
          Value          index              1              2              3              4              5              6              7              8              9             10             11             12             13             14             15             16             17             18             19             20             21
          index            y\x     0.04761905      0.1428571      0.2380952      0.3333333      0.4285714      0.5238095      0.6190476      0.7142857      0.8095238      0.9047619       1.000000       1.095238       1.190476       1.285714       1.380952       1.476190       1.571429       1.666667       1.761905       1.857143       1.952381
---------------------------------------------------------------------------------------------------------------------------------------------------------------------------------------------------------------------------------------------------------------------------------------------------------------------------------------------------------
              1     0.04838710      0.2342160      0.2402168      0.2515260      0.2676821      0.2715595      0.2747907      0.2893311      0.2900235      0.2987939      0.3100570      0.3101031      0.3187812      0.3336447      0.3311521      0.3356758      0.3380761      0.3534012      0.3458772      0.3529396      0.3433383      0.3492468
              2      0.1451613      0.2427556      0.2570191      0.2674974      0.2805607      0.2840689      0.2981938      0.3065488      0.3110263      0.3199352      0.3242743      0.3362759      0.3395532      0.3506316      0.3486468      0.3516010      0.3553400      0.3716345      0.3652644      0.3700650      0.3794817      0.3786969
              3      0.2419355      0.2586347      0.2709133      0.2806069      0.2931624      0.3067796      0.3155962      0.3200275      0.3264438      0.3336447      0.3494315      0.3597713      0.3647104      0.3628179      0.3705266      0.3922218      0.3902831      0.3936528      0.3906062      0.4035772      0.4045004      0.4092549
              4      0.3387097      0.2785758      0.2799606      0.3020713      0.3124111      0.3221047      0.3296750      0.3387223      0.3496161      0.3580634      0.3642027      0.3819743      0.3850209      0.3924065      0.4000690      0.4081009      0.4161789      0.4189946      0.4273496      0.4344583      0.4362123      0.4250878
              5      0.4354839      0.2932547      0.3131035      0.3150884      0.3308290      0.3359989      0.3467542      0.3613869      0.3771737      0.3779122      0.3926373      0.4034387      0.4146094      0.4245339      0.4252263      0.4394897      0.4410130      0.4507066      0.4454444      0.4609541      0.4663548      0.4684782
              6      0.5322581      0.3055794      0.3233972      0.3335986      0.3468004      0.3595405      0.3684956      0.3875597      0.3974841      0.4049158      0.4195486      0.4339505      0.4457213      0.4472446      0.4610464      0.4743867      0.4811722      0.4837572      0.4878654      0.4997286      0.4981591      0.4981591
              7      0.6290323      0.3185043      0.3368759      0.3584788      0.3648951      0.3743579      0.3863133      0.4000690      0.4267495      0.4365816      0.4519068      0.4682474      0.4722633      0.4865729      0.4956203      0.5048062      0.5205467      0.5133919      0.5303327      0.5292710      0.5369335      0.5250704
              8      0.7258065      0.3422305      0.3534012      0.3692803      0.3868673      0.4030694      0.4201948      0.4321503      0.4458136      0.4626620      0.4690321      0.4826955      0.5022674      0.5237318      0.5259475      0.5307943      0.5530896      0.5604752      0.5561823      0.5642603      0.5620446      0.5596443
              9      0.8225806      0.3621255      0.3740809      0.3923603      0.4100396      0.4188100      0.4386127      0.4582307      0.4797413      0.4842649      0.5083605      0.5187003      0.5410879      0.5570593      0.5634294      0.5844784      0.5946336      0.6054350      0.6024346      0.6199293      0.6179906      0.6205755
             10      0.9193548      0.3789277      0.3968378      0.4054698      0.4313655      0.4457675      0.4678320      0.4911889      0.5038368      0.5215161      0.5434421      0.5591365      0.5808779      0.5889559      0.6043734      0.6225142      0.6289767      0.6403782      0.6531645      0.6515028      0.6614733      0.6592576
             11       1.016129      0.3975764      0.4240723      0.4363047      0.4578614      0.4723557      0.4976052      0.5120071      0.5277477      0.5621369      0.5748771      0.6000343      0.6251915      0.6306384      0.6550571      0.6697360      0.6816453      0.6914773      0.6964626      0.7031097      0.7005709      0.7133572
             12       1.112903      0.4175175      0.4342275      0.4622004      0.4784488      0.4988977      0.5232702      0.5515201      0.5778775      0.5958337      0.6105588      0.6421323      0.6527952      0.6775370      0.6946624      0.7124802      0.7277130      0.7299287      0.7472387      0.7633947      0.7665336      0.7595172
             13       1.209677      0.4321041      0.4535685      0.4897118      0.5093298      0.5311174      0.5486120      0.5830474      0.6071891      0.6365469      0.6623504      0.6734288      0.6941085      0.7116031      0.7432689      0.7705956      0.7821818      0.7934910      0.8062312      0.8154632      0.8068774      0.8145862
             14       1.306452      0.4559688      0.4772486      0.5135304      0.5317175      0.5620908      0.5841553      0.6170674      0.6467944      0.6677049      0.7048638      0.7298825      0.7404993      0.7686569      0.8017537      0.8119550      0.8331887      0.8352659      0.8586690      0.8807335      0.8877960      0.8912118
             15       1.403226      0.4789104      0.5111301      0.5297326      0.5665221      0.5928333      0.6052042      0.6490563      0.6744905      0.7049561      0.7376374      0.7679645      0.7908137      0.8263108      0.8492985      0.8694243      0.8836877      0.9169691      0.9265704      0.9388028      0.9465115      0.9459576
             16       1.500000      0.5034214      0.5250243      0.5636602      0.5833705      0.6185906      0.6443941      0.6937853      0.7255896      0.7517624      0.7818587      0.8114011      0.8496678      0.8716400      0.9048290      0.9378796      0.9532047      0.9700070      0.9919330       1.003335       1.017690       1.016398
             17       1.596774      0.5193466      0.5563669      0.5788469      0.6200216      0.6563957      0.6783679      0.7371296      0.7491774      0.7943219      0.8273725      0.8636081      0.9056138      0.9174307      0.9783620      0.9949334       1.032138       1.044325       1.060019       1.073359       1.076637       1.087669
             18       1.693548      0.5414572      0.5747848      0.6088509      0.6404705      0.6737980      0.7183886      0.7527779      0.7979685      0.8371123      0.8862265      0.9147073      0.9538510      0.9915176       1.025261       1.066758       1.091039       1.124689       1.141030       1.155524       1.160509       1.163418
             19       1.790323      0.5646757      0.6057582      0.6267610      0.6728748      0.7224507      0.7570246      0.7973685      0.8445440      0.8788409      0.9272166      0.9700993       1.009382       1.050141       1.102071       1.123674       1.152524       1.195129       1.214978       1.213963       1.250799       1.250475
             20       1.887097      0.5764927      0.6134207      0.6539954      0.6909696      0.7254973      0.7804739      0.8395126      0.8787948      0.9271705      0.9795621       1.014182       1.058957       1.113334       1.154416       1.193422       1.233858       1.250429       1.276371       1.313899       1.333840       1.339149
             21       1.983871      0.6052042      0.6433324      0.6785064      0.7330675      0.7769196      0.8204485      0.8606539      0.9178923      0.9693608       1.026507       1.083007       1.115965       1.175050       1.209162       1.269678       1.294743       1.342703       1.363014       1.390063       1.407650       1.410835
             22       2.080645      0.6180829      0.6694590      0.7129418      0.7562860      0.8110780      0.8541453      0.9118454      0.9625752       1.013674       1.086746       1.125520       1.169972       1.235058       1.281587       1.316807       1.375061       1.409220       1.430961       1.457826       1.482383       1.496324
             23       2.177419      0.6406551      0.6878307      0.7401300      0.7911369      0.8327732      0.9014132      0.9454960       1.016444       1.061035       1.110518       1.176112       1.228365       1.301067       1.339980       1.408712       1.436454       1.489907       1.513588       1.542576       1.564733       1.572857
             24       2.274194      0.6632274      0.7038021      0.7544858      0.8034154      0.8586690      0.9202003      0.9827933       1.031492       1.091823       1.153078       1.218948       1.288881       1.352674       1.411897       1.458657       1.509802       1.561225       1.586290       1.615740       1.649667       1.652945
             25       2.370968      0.6796142      0.7317751      0.7808893      0.8102933      0.8907502      0.9401415       1.020645       1.076591       1.126582       1.207039       1.271247       1.331394       1.400080       1.464058       1.529374       1.581720       1.625849       1.673994       1.702105       1.719738       1.719554
             26       2.467742      0.6909696      0.7331599      0.7907214      0.8485138      0.8995668      0.9624829       1.036754       1.107056       1.152985       1.242213       1.315053       1.385447       1.453533       1.510864       1.582781       1.630003       1.697305       1.715953       1.753989       1.778315       1.792533
             27       2.564516      0.7012633      0.7583632      0.8093239      0.8652699      0.9211235      0.9942872       1.047741       1.124320       1.210962       1.281356       1.343119       1.413790       1.482430       1.569026       1.622156       1.673209       1.737787       1.778362       1.826368       1.846909       1.871836
             28       2.661290      0.7126186      0.7723497      0.8278803      0.8921350      0.9448036       1.014274       1.073221       1.147769       1.211978       1.302867       1.371553       1.460365       1.517142       1.596537       1.677548       1.744434       1.781085       1.840354       1.866989       1.899624       1.915918
             29       2.758065      0.7121570      0.7707341      0.8366507      0.8900117      0.9493735       1.017829       1.102071       1.174404       1.258138       1.326686       1.404742       1.469828       1.547469       1.631665       1.724677       1.751635       1.815474       1.869020       1.905856       1.933782       1.945969
             30       2.854839      0.7281746      0.7799661      0.8404358      0.8962433      0.9460038       1.024153       1.105394       1.188205       1.264462       1.333933       1.411528       1.486953       1.571842       1.658622       1.720477       1.776331       1.834215       1.903501       1.939783       1.971818       1.992036
             31       2.951613      0.7254050      0.7846745      0.8411743      0.9061677      0.9609135       1.025768       1.108533       1.186821       1.271155       1.329363       1.431838       1.514742       1.608308       1.668455       1.741249       1.805873       1.850556       1.905809       1.942045       1.958616       1.977588
